226.16899991035461
224.43699979782104
220.64999985694885
229.8399999141693
219.5880000591278
215.24200010299683
220.43300008773804
221.3030002117157
230.73100018501282
228.94700002670288
230.80200004577637
229.77100014686584
223.53200006484985
226.47499990463257
224.35999989509583
224.73499989509583
215.03900003433228
221.67799997329712
229.24499988555908
230.89199995994568
219.97399997711182
220.74899983406067
219.739000082016
219.22300004959106
226.66899991035461
223.47300004959106
220.36100006103516
219.9119999408722
220.40400004386902
221.02999997138977
226.02999997138977
228.39200019836426
225.61800003051758
220.30999994277954
229.7960000038147
230.90199995040894
223.88900017738342
220.9579999446869
219.39400005340576
==================
14.960999965667725
15.299999952316284
14.558000087738037
15.5
14.592000007629395
14.937999963760376
15.02999997138977
14.926000118255615
15.408999919891357
14.60700011253357
14.973999977111816
15.753999948501587
14.227999925613403
15.092000007629395
15.287000179290771
14.674999952316284
15.20799994468689
15.55299997329712
14.291000127792358
15.255000114440918
14.936000108718872
15.021000146865845
14.74399995803833
15.082000017166138
14.995000123977661
14.950999975204468
15.219000101089478
14.723999977111816
20.111999988555908
14.788000106811523
===================
14.808000087738037
14.980000019073486
15.172000169754028
14.86899995803833
15.032000064849854
14.960000038146973
14.973999977111816
15.079999923706055
15.030999898910522
